0, 101, 5000, 2000, 10000, 250, -20, 30;
1, 102, 5020, 2020, 9980, 255, -18, 28;
2, 103, 5040, 2040, 9960, 250, -17, 29;
3, 104, 5060, 2060, 9940, 255, -20, 30;
4, 105, 5080, 2080, 9920, 250, -19, 28;
5, 106, 5100, 2100, 9900, 260, -15, 25;
6, 107, 5150, 2150, 9850, 265, -12, 27;
7, 108, 5200, 2200, 9800, 255, -16, 29;
8, 109, 5250, 2250, 9750, 260, -14, 30;
9, 110, 5300, 2300, 9700, 265, -10, 25;
10, 111, 5350, 2350, 9650, 250, -15, 27;
11, 112, 5400, 2400, 9600, 255, -13, 29;
12, 113, 5450, 2450, 9550, 260, -12, 28;
13, 114, 5500, 2500, 9500, 265, -14, 26;
14, 115, 5550, 2550, 9450, 255, -10, 27;