0, 101, 5000, 2000, 10000, 250, -20, 30;
5, 205, 8000, 4000, 12000, 240, -25, 20;
10, 312, 15000, 3000, 15000, 245, -15, 10;
15, 422, 2000, 7000, 9500, 260, -30, 35;
20, 501, 10000, 9000, 13500, 255, -20, 25;
25, 627, 3000, 6000, 10500, 265, -10, 40;
30, 738, 9000, 12000, 12500, 250, -15, 30;
35, 845, 12000, 1000, 8000, 245, -20, 20;
40, 956, 4000, 15000, 10000, 265, -25, 15;
45, 1073, 7000, 5000, 11000, 260, -30, 25;
50, 1188, 13000, 4000, 14500, 250, -10, 20;
55, 1234, 2000, 11000, 9500, 270, -15, 30;
60, 1350, 14000, 2000, 12500, 255, -20, 25;
65, 1472, 5000, 14000, 11500, 245, -5, 35;
70, 1586, 8000, 3000, 13000, 260, -10, 20;