0, 101, 5000, 2000, 10000, 250, -20, 30;
5, 102, 5050, 2050, 9950, 260, -15, 25;
10, 103, 5100, 2100, 9900, 255, -18, 28;
15, 104, 5200, 2200, 9850, 250, -10, 30;
20, 201, 6000, 2300, 9900, 245, -12, 32;
25, 202, 6100, 2400, 9800, 250, -10, 35;
30, 301, 5000, 3000, 10000, 260, -20, 30;
35, 302, 5050, 3050, 9950, 265, -22, 25;
40, 401, 8000, 2500, 12000, 255, -15, 28;
45, 402, 8100, 2550, 11950, 260, -10, 20;
50, 501, 9000, 2200, 13000, 270, -18, 25;
55, 502, 9100, 2300, 12950, 265, -20, 30;
60, 601, 7000, 2700, 11500, 250, -15, 35;
65, 602, 7100, 2750, 11450, 255, -10, 32;
70, 701, 7500, 2800, 10500, 260, -5, 20;