0, 101, 5000, 2000, 10000, 250, -20, 30;
1, 102, 5005, 2005, 9995, 252, -19, 29;
2, 103, 5010, 2010, 9990, 253, -18, 28;
3, 104, 5015, 2015, 9985, 251, -17, 30;
4, 105, 5020, 2020, 9980, 250, -20, 29;
5, 106, 5025, 2025, 9975, 252, -19, 30;
6, 107, 5030, 2030, 9970, 253, -18, 28;
7, 108, 5035, 2035, 9965, 251, -17, 27;
8, 109, 5040, 2040, 9960, 252, -16, 29;
9, 110, 5045, 2045, 9955, 250, -15, 30;
10, 111, 5050, 2050, 9950, 253, -14, 28;
11, 112, 5055, 2055, 9945, 252, -13, 29;
12, 113, 5060, 2060, 9940, 251, -15, 30;
13, 114, 5065, 2065, 9935, 250, -14, 29;
14, 115, 5070, 2070, 9930, 252, -16, 27;
15, 116, 5075, 2075, 9925, 253, -17, 28;
16, 117, 5080, 2080, 9920, 251, -15, 30;
17, 118, 5085, 2085, 9915, 250, -14, 29;
18, 119, 5090, 2090, 9910, 252, -13, 28;
19, 120, 5095, 2095, 9905, 253, -12, 27;